Date	ET
20000101	0.771
20000102	0.723
20000103	0.901
20000104	0.428
20000105	0.551
20000106	0.444
20000107	0.297
20000108	0.457
20000109	0.567
20000110	0.535
20000111	0.519
20000112	0.540
20000113	0.368
20000114	0.311
20000115	0.393
20000116	0.360
20000117	0.358
20000118	0.253
20000119	0.409
20000120	0.378
20000121	0.306
20000122	0.239
20000123	0.342
20000124	0.392
20000125	0.293
20000126	0.318
20000127	0.386
20000128	0.531
20000129	0.377
20000130	0.359
20000131	0.290
20000201	0.372
20000202	0.395
20000203	0.340
20000204	0.224
20000205	0.348
20000206	0.273
20000207	0.301
20000208	0.342
20000209	0.450
20000210	0.337
20000211	0.018
20000212	0.567
20000213	0.219
20000214	0.293
20000215	0.457
20000216	0.237
20000217	0.411
20000218	0.301
20000219	0.215
20000220	0.108
20000221	0.123
20000222	0.297
20000223	0.439
20000224	0.202
20000225	0.551
20000226	0.359
20000227	0.201
20000228	0.228
20000229	0.517
20000301	2.012
20000302	3.451
20000303	2.410
20000304	2.331
20000305	1.872
20000306	0.691
20000307	1.970
20000308	2.865
20000309	0.966
20000310	0.058
20000311	0.767
20000312	0.769
20000313	0.265
20000314	0.419
20000315	0.886
20000316	1.364
20000317	1.618
20000318	1.067
20000319	0.986
20000320	0.336
20000321	0.001
20000322	0.459
20000323	1.696
20000324	4.625
20000325	2.608
20000326	3.171
20000327	2.042
20000328	1.619
20000329	1.439
20000330	1.099
20000331	0.002
20000401	0.486
20000402	3.905
20000403	3.159
20000404	2.209
20000405	2.307
20000406	1.352
20000407	2.265
20000408	0.832
20000409	1.289
20000410	0.896
20000411	0.982
20000412	0.901
20000413	1.060
20000414	1.608
20000415	1.099
20000416	0.679
20000417	0.760
20000418	1.535
20000419	1.337
20000420	0.661
20000421	0.383
20000422	0.828
20000423	0.408
20000424	0.438
20000425	0.379
20000426	0.611
20000427	0.455
20000428	0.212
20000429	0.223
20000430	0.988
20000501	0.825
20000502	4.002
20000503	5.101
20000504	4.683
20000505	3.720
20000506	3.072
20000507	2.046
20000508	1.580
20000509	0.921
20000510	1.294
20000511	1.216
20000512	0.668
20000513	0.621
20000514	0.558
20000515	0.752
20000516	5.756
20000517	5.374
20000518	1.289
20000519	1.075
20000520	1.587
20000521	2.368
20000522	1.558
20000523	1.148
20000524	0.569
20000525	0.538
20000526	3.950
20000527	1.945
20000528	1.154
20000529	1.264
20000530	3.525
20000531	3.266
20000601	1.279
20000602	0.692
20000603	2.999
20000604	5.302
20000605	2.268
20000606	2.209
20000607	2.075
20000608	1.639
20000609	1.757
20000610	4.584
20000611	2.091
20000612	1.668
20000613	2.315
20000614	1.913
20000615	1.336
20000616	1.112
20000617	0.520
20000618	1.341
20000619	1.475
20000620	1.751
20000621	0.848
20000622	1.284
20000623	1.546
20000624	2.013
20000625	1.997
20000626	0.399
20000627	2.402
20000628	2.981
20000629	4.221
20000630	3.699
20000701	3.505
20000702	4.210
20000703	6.124
20000704	5.370
20000705	5.463
20000706	5.464
20000707	5.058
20000708	5.080
20000709	5.427
20000710	5.328
20000711	4.845
20000712	6.627
20000713	4.206
20000714	6.270
20000715	6.153
20000716	5.917
20000717	4.517
20000718	6.715
20000719	6.049
20000720	5.453
20000721	4.467
20000722	4.462
20000723	4.314
20000724	4.277
20000725	3.641
20000726	4.292
20000727	3.954
20000728	2.958
20000729	3.359
20000730	2.963
20000731	2.748
20000801	3.214
20000802	3.266
20000803	3.208
20000804	2.989
20000805	2.775
20000806	2.477
20000807	1.992
20000808	1.730
20000809	2.325
20000810	2.269
20000811	2.195
20000812	2.253
20000813	2.337
20000814	2.224
20000815	2.201
20000816	1.910
20000817	1.777
20000818	1.929
20000819	2.182
20000820	2.271
20000821	2.232
20000822	2.158
20000823	2.075
20000824	2.174
20000825	2.370
20000826	2.407
20000827	2.436
20000828	2.276
20000829	2.175
20000830	2.156
20000831	2.286
20000901	2.399
20000902	2.368
20000903	2.456
20000904	2.542
20000905	2.495
20000906	2.326
20000907	1.960
20000908	2.159
20000909	2.136
20000910	2.538
20000911	2.483
20000912	1.851
20000913	2.094
20000914	2.193
20000915	2.000
20000916	2.108
20000917	2.178
20000918	2.228
20000919	2.193
20000920	1.192
20000921	1.297
20000922	1.752
20000923	0.477
20000924	1.051
20000925	1.096
20000926	1.285
20000927	1.529
20000928	1.704
20000929	1.748
20000930	1.747
20001001	1.983
20001002	1.866
20001003	1.884
20001004	0.914
20001005	0.246
20001006	0.411
20001007	0.211
20001008	1.084
20001009	1.022
20001010	0.712
20001011	0.503
20001012	0.355
20001013	1.158
20001014	0.978
20001015	0.150
20001016	1.023
20001017	1.889
20001018	0.574
20001019	0.346
20001020	0.106
20001021	0.676
20001022	1.552
20001023	0.126
20001024	0.885
20001025	2.033
20001026	1.155
20001027	0.650
20001028	0.749
20001029	2.665
20001030	1.589
20001031	0.676
20001101	2.731
20001102	1.542
20001103	0.585
20001104	0.332
20001105	1.762
20001106	1.627
20001107	0.143
20001108	0.088
20001109	0.378
20001110	1.247
20001111	1.895
20001112	0.914
20001113	0.689
20001114	0.580
20001115	0.909
20001116	0.511
20001117	0.376
20001118	0.332
20001119	0.462
20001120	0.449
20001121	0.459
20001122	0.233
20001123	0.253
20001124	1.603
20001125	0.772
20001126	0.438
20001127	0.532
20001128	0.503
20001129	0.326
20001130	0.456
20001201	0.462
20001202	0.139
20001203	0.177
20001204	0.418
20001205	0.243
20001206	0.694
20001207	0.157
20001208	0.182
20001209	0.396
20001210	0.034
20001211	0.378
20001212	0.199
20001213	0.561
20001214	0.293
20001215	0.220
20001216	0.415
20001217	0.115
20001218	0.540
20001219	0.430
20001220	0.290
20001221	0.047
20001222	0.772
20001223	0.318
20001224	0.324
20001225	0.276
20001226	1.422
20001227	1.208
20001228	3.500
20001229	4.587
20001230	2.086
20001231	1.089
20010101	0.977
20010102	1.091
20010103	2.167
20010104	0.720
20010105	1.801
20010106	0.657
20010107	0.704
20010108	0.488
20010109	0.148
20010110	0.148
20010111	0.183
20010112	0.213
20010113	9.168
20010114	5.117
20010115	0.553
20010116	0.233
20010117	0.031
20010118	0.235
20010119	0.059
20010120	1.341
20010121	1.555
20010122	1.467
20010123	0.571
20010124	0.870
20010125	0.216
20010126	0.078
20010127	0.049
20010128	0.314
20010129	0.862
20010130	0.968
20010131	4.795
20010201	2.901
20010202	3.629
20010203	6.704
20010204	8.236
20010205	4.764
20010206	0.501
20010207	2.166
20010208	0.425
20010209	1.354
20010210	0.674
20010211	1.417
20010212	1.645
20010213	1.016
20010214	0.465
20010215	0.883
20010216	0.712
20010217	0.561
20010218	0.700
20010219	0.905
20010220	0.681
20010221	0.015
20010222	0.165
20010223	0.066
20010224	2.958
20010225	0.917
20010226	0.545
20010227	1.016
20010228	0.631
20010301	1.709
20010302	0.768
20010303	1.300
20010304	1.472
20010305	0.828
20010306	0.481
20010307	0.587
20010308	0.110
20010309	2.623
20010310	2.396
20010311	1.282
20010312	1.151
20010313	0.919
20010314	1.517
20010315	1.290
20010316	0.504
20010317	0.135
20010318	0.671
20010319	2.312
20010320	1.234
20010321	1.021
20010322	0.708
20010323	2.222
20010324	1.657
20010325	1.791
20010326	0.457
20010327	0.101
20010328	0.845
20010329	1.256
20010330	2.637
20010331	2.714
20010401	1.653
20010402	1.153
20010403	1.063
20010404	1.029
20010405	1.037
20010406	0.909
20010407	1.686
20010408	3.193
20010409	0.452
20010410	0.088
20010411	1.640
20010412	0.574
20010413	0.809
20010414	0.775
20010415	0.443
20010416	0.712
20010417	0.496
20010418	0.245
20010419	1.123
20010420	0.582
20010421	0.387
20010422	1.532
20010423	0.822
20010424	0.486
20010425	0.694
20010426	0.726
20010427	0.631
20010428	0.407
20010429	0.822
20010430	1.794
20010501	0.835
20010502	0.501
20010503	0.880
20010504	0.421
20010505	5.408
20010506	2.360
20010507	1.754
20010508	1.619
20010509	1.671
20010510	4.111
20010511	1.704
20010512	0.964
20010513	3.279
20010514	1.645
20010515	1.958
20010516	1.598
20010517	1.282
20010518	4.442
20010519	1.611
20010520	3.994
20010521	3.177
20010522	1.499
20010523	1.383
20010524	1.180
20010525	1.237
20010526	1.820
20010527	3.372
20010528	0.710
20010529	2.344
20010530	1.188
20010531	2.769
20010601	1.882
20010602	1.287
20010603	1.864
20010604	1.396
20010605	0.896
20010606	0.825
20010607	1.159
20010608	9.465
20010609	4.429
20010610	3.254
20010611	2.862
20010612	2.355
20010613	2.853
20010614	1.525
20010615	1.540
20010616	1.921
20010617	1.974
20010618	2.307
20010619	1.843
20010620	2.428
20010621	3.978
20010622	2.793
20010623	2.720
20010624	3.163
20010625	3.328
20010626	3.232
20010627	3.190
20010628	3.660
20010629	5.100
20010630	3.962
20010701	3.325
20010702	3.422
20010703	3.822
20010704	4.257
20010705	4.184
20010706	4.348
20010707	4.617
20010708	4.630
20010709	4.492
20010710	4.432
20010711	4.523
20010712	4.383
20010713	2.516
20010714	3.120
20010715	3.884
20010716	4.015
20010717	4.356
20010718	3.544
20010719	3.571
20010720	3.937
20010721	3.950
20010722	3.745
20010723	3.544
20010724	3.226
20010725	3.051
20010726	2.812
20010727	2.655
20010728	4.305
20010729	3.326
20010730	2.772
20010731	2.519
20010801	2.480
20010802	2.300
20010803	2.046
20010804	2.271
20010805	2.247
20010806	2.192
20010807	1.731
20010808	2.008
20010809	2.219
20010810	3.116
20010811	2.521
20010812	2.816
20010813	2.652
20010814	2.712
20010815	2.590
20010816	2.553
20010817	4.268
20010818	3.608
20010819	3.370
20010820	3.257
20010821	2.876
20010822	2.814
20010823	2.469
20010824	2.859
20010825	2.177
20010826	3.603
20010827	3.425
20010828	2.791
20010829	2.618
20010830	2.298
20010831	2.420
20010901	2.473
20010902	2.970
20010903	3.794
20010904	2.437
20010905	3.325
20010906	3.346
20010907	2.986
20010908	1.868
20010909	1.974
20010910	1.834
20010911	1.903
20010912	2.076
20010913	1.759
20010914	1.285
20010915	1.859
20010916	2.020
20010917	1.913
20010918	1.878
20010919	2.593
20010920	2.265
20010921	1.672
20010922	1.837
20010923	1.685
20010924	1.122
20010925	1.271
20010926	1.740
20010927	1.724
20010928	1.678
20010929	1.451
20010930	1.339
20011001	1.426
20011002	1.246
20011003	1.164
20011004	1.356
20011005	0.425
20011006	0.530
20011007	0.706
20011008	0.986
20011009	1.192
20011010	0.403
20011011	1.658
20011012	0.867
20011013	0.469
20011014	0.266
20011015	0.281
20011016	0.226
20011017	0.201
20011018	0.278
20011019	0.226
20011020	0.280
20011021	0.196
20011022	0.118
20011023	0.496
20011024	0.388
20011025	0.144
20011026	0.214
20011027	0.026
20011028	0.147
20011029	0.156
20011030	0.145
20011031	0.418
20011101	0.291
20011102	0.138
20011103	0.123
20011104	0.136
20011105	0.368
20011106	0.438
20011107	0.340
20011108	0.543
20011109	0.191
20011110	0.102
20011111	0.153
20011112	0.383
20011113	0.106
20011114	0.384
20011115	0.060
20011116	1.198
20011117	2.086
20011118	1.739
20011119	1.627
20011120	0.668
20011121	0.626
20011122	0.553
20011123	1.012
20011124	1.165
20011125	0.732
20011126	0.569
20011127	0.711
20011128	0.895
20011129	1.084
20011130	1.472
20011201	0.517
20011202	0.578
20011203	0.281
20011204	0.004
20011205	0.830
20011206	0.690
20011207	0.318
20011208	0.533
20011209	0.284
20011210	0.375
20011211	0.004
20011212	0.534
20011213	0.977
20011214	0.730
20011215	0.481
20011216	0.504
20011217	0.445
20011218	0.414
20011219	0.323
20011220	0.481
20011221	0.281
20011222	0.487
20011223	0.306
20011224	0.247
20011225	0.250
20011226	0.199
20011227	0.261
20011228	0.073
20011229	0.334
20011230	0.082
20011231	0.022
20020101	0.167
20020102	0.345
20020103	0.259
20020104	0.676
20020105	2.253
20020106	0.849
20020107	0.487
20020108	0.691
20020109	0.390
20020110	0.368
20020111	0.657
20020112	0.393
20020113	0.659
20020114	0.263
20020115	0.486
20020116	0.462
20020117	0.291
20020118	0.234
20020119	0.487
20020120	0.704
20020121	0.239
20020122	0.605
20020123	0.039
20020124	0.479
20020125	0.222
20020126	0.407
20020127	0.320
20020128	0.421
20020129	0.089
20020130	0.130
20020131	1.371
20020201	0.854
20020202	0.679
20020203	1.213
20020204	0.799
20020205	0.245
20020206	0.493
20020207	0.663
20020208	3.336
20020209	2.015
20020210	1.747
20020211	1.169
20020212	1.188
20020213	0.421
20020214	1.636
20020215	1.002
20020216	0.460
20020217	0.666
20020218	0.519
20020219	0.396
20020220	1.384
20020221	1.062
20020222	0.665
20020223	0.383
20020224	0.519
20020225	0.222
20020226	0.525
20020227	1.177
20020228	0.618
20020301	1.044
20020302	1.564
20020303	0.457
20020304	0.632
20020305	0.896
20020306	0.399
20020307	0.682
20020308	0.838
20020309	0.866
20020310	0.721
20020311	1.088
20020312	0.269
20020313	0.457
20020314	1.002
20020315	0.528
20020316	0.180
20020317	0.430
20020318	0.011
20020319	0.682
20020320	2.890
20020321	1.786
20020322	0.524
20020323	0.877
20020324	0.496
20020325	0.820
20020326	0.370
20020327	1.623
20020328	2.065
20020329	0.909
20020330	0.856
20020331	0.514
20020401	1.589
20020402	0.635
20020403	0.259
20020404	0.687
20020405	0.704
20020406	0.593
20020407	2.056
20020408	2.289
20020409	0.678
20020410	1.263
20020411	1.130
20020412	0.584
20020413	3.915
20020414	2.547
20020415	2.370
20020416	1.722
20020417	0.725
20020418	1.209
20020419	0.862
20020420	0.417
20020421	3.000
20020422	1.329
20020423	1.284
20020424	0.498
20020425	0.648
20020426	0.569
20020427	2.595
20020428	0.550
20020429	0.316
20020430	0.858
20020501	0.679
20020502	0.691
20020503	0.551
20020504	0.579
20020505	4.660
20020506	1.446
20020507	0.478
20020508	0.892
20020509	0.261
20020510	0.811
20020511	2.777
20020512	0.759
20020513	0.347
20020514	2.874
20020515	1.759
20020516	0.434
20020517	0.368
20020518	0.159
20020519	0.373
20020520	0.232
20020521	0.355
20020522	0.470
20020523	0.428
20020524	0.055
20020525	0.180
20020526	0.193
20020527	0.157
20020528	0.421
20020529	0.256
20020530	0.425
20020531	0.313
20020601	0.131
20020602	0.468
20020603	1.153
20020604	0.622
20020605	4.116
20020606	3.475
20020607	1.966
20020608	1.347
20020609	1.110
20020610	1.104
20020611	0.613
20020612	0.997
20020613	0.524
20020614	0.031
20020615	1.994
20020616	0.624
20020617	0.002
20020618	0.716
20020619	0.553
20020620	0.801
20020621	0.207
20020622	0.507
20020623	0.559
20020624	0.376
20020625	0.525
20020626	0.279
20020627	0.430
20020628	0.250
20020629	0.256
20020630	0.178
20020701	0.290
20020702	0.345
20020703	0.324
20020704	1.639
20020705	3.274
20020706	3.009
20020707	3.678
20020708	2.370
20020709	1.846
20020710	1.240
20020711	0.940
20020712	0.854
20020713	0.739
20020714	0.603
20020715	0.781
20020716	0.512
20020717	0.668
20020718	0.577
20020719	0.540
20020720	0.614
20020721	0.728
20020722	0.669
20020723	5.618
20020724	6.255
20020725	3.621
20020726	3.169
20020727	5.740
20020728	3.908
20020729	1.905
20020730	1.295
20020731	1.034
20020801	0.987
20020802	1.945
20020803	1.704
20020804	0.861
20020805	0.789
20020806	0.564
20020807	0.537
20020808	0.488
20020809	0.441
20020810	5.158
20020811	4.847
20020812	2.538
20020813	1.739
20020814	1.034
20020815	1.141
20020816	0.914
20020817	1.260
20020818	1.151
20020819	2.101
20020820	3.125
20020821	2.214
20020822	1.290
20020823	0.856
20020824	1.047
20020825	0.579
20020826	0.830
20020827	0.468
20020828	0.527
20020829	5.625
20020830	3.963
20020831	5.382
20020901	3.166
20020902	2.219
20020903	1.548
20020904	1.289
20020905	0.895
20020906	0.973
20020907	0.849
20020908	0.608
20020909	0.512
20020910	0.237
20020911	0.567
20020912	1.000
20020913	3.843
20020914	1.522
20020915	1.209
20020916	0.849
20020917	0.950
20020918	0.815
20020919	4.424
20020920	3.816
20020921	1.997
20020922	1.893
20020923	1.050
20020924	1.174
20020925	1.196
20020926	0.749
20020927	0.781
20020928	0.870
20020929	0.464
20020930	0.874
20021001	2.023
20021002	1.190
20021003	0.804
20021004	3.717
20021005	1.863
20021006	1.368
20021007	0.810
20021008	0.535
20021009	1.405
20021010	0.768
20021011	1.211
20021012	0.872
20021013	0.593
20021014	0.657
20021015	0.405
20021016	0.752
20021017	0.230
20021018	0.609
20021019	0.165
20021020	0.384
20021021	0.300
20021022	0.306
20021023	0.123
20021024	0.647
20021025	1.734
20021026	0.410
20021027	2.124
20021028	0.331
20021029	2.644
20021030	1.796
20021031	0.431
20021101	0.410
20021102	1.023
20021103	2.487
20021104	0.488
20021105	1.260
20021106	0.731
20021107	0.556
20021108	0.736
20021109	1.678
20021110	0.712
20021111	0.345
20021112	0.456
20021113	0.110
20021114	0.606
20021115	0.439
20021116	1.287
20021117	0.404
20021118	0.952
20021119	0.434
20021120	0.342
20021121	0.430
20021122	0.350
20021123	0.802
20021124	0.169
20021125	0.392
20021126	0.318
20021127	0.212
20021128	0.178
20021129	0.344
20021130	0.277
20021201	0.131
20021202	0.368
20021203	8.086
20021204	0.010
20021205	0.144
20021206	0.053
20021207	1.039
20021208	0.773
20021209	0.922
20021210	1.086
20021211	0.681
20021212	0.759
20021213	0.621
20021214	0.480
20021215	0.449
20021216	0.561
20021217	0.326
20021218	0.524
20021219	0.681
20021220	0.631
20021221	2.425
20021222	1.033
20021223	0.102
20021224	0.182
20021225	0.160
20021226	0.135
20021227	0.222
20021228	0.271
20021229	1.383
20021230	2.513
20021231	1.114
20030101	0.873
20030102	0.819
20030103	0.712
20030104	0.558
20030105	0.361
20030106	0.564
20030107	1.373
20030108	0.597
20030109	0.739
20030110	0.277
20030111	0.433
20030112	0.285
20030113	0.324
20030114	0.149
20030115	0.220
20030116	0.622
20030117	0.214
20030118	0.340
20030119	0.327
20030120	0.327
20030121	0.047
20030122	0.314
20030123	0.073
20030124	0.310
20030125	0.193
20030126	0.146
20030127	0.407
20030128	0.222
20030129	0.336
20030130	0.408
20030131	0.329
20030201	0.280
20030202	0.289
20030203	0.434
20030204	0.216
20030205	0.099
20030206	0.379
20030207	0.537
20030208	0.259
20030209	1.499
20030210	0.540
20030211	0.310
20030212	0.165
20030213	0.144
20030214	0.679
20030215	0.861
20030216	0.486
20030217	0.347
20030218	0.105
20030219	0.207
20030220	0.086
20030221	0.349
20030222	0.413
20030223	0.162
20030224	0.212
20030225	0.104
20030226	0.300
20030227	0.285
20030228	0.201
20030301	0.233
20030302	0.079
20030303	0.397
20030304	0.203
20030305	0.269
20030306	0.467
20030307	0.355
20030308	0.238
20030309	0.053
20030310	0.277
20030311	0.587
20030312	0.420
20030313	0.152
20030314	0.276
20030315	0.242
20030316	0.347
20030317	0.167
20030318	0.736
20030319	0.497
20030320	2.955
20030321	0.593
20030322	1.284
20030323	1.240
20030324	0.768
20030325	0.697
20030326	0.593
20030327	0.564
20030328	4.140
20030329	1.151
20030330	0.921
20030331	0.909
20030401	1.187
20030402	0.772
20030403	0.883
20030404	0.519
20030405	0.292
20030406	0.810
20030407	0.327
20030408	0.598
20030409	0.488
20030410	0.618
20030411	0.496
20030412	0.456
20030413	0.433
20030414	0.697
20030415	1.281
20030416	3.166
20030417	0.190
20030418	1.854
20030419	0.391
20030420	0.733
20030421	0.483
20030422	0.222
20030423	3.709
20030424	1.444
20030425	0.870
20030426	1.059
20030427	0.650
20030428	0.742
20030429	1.439
20030430	1.469
20030501	1.007
20030502	0.170
20030503	0.695
20030504	0.702
20030505	0.564
20030506	0.279
20030507	0.418
20030508	0.678
20030509	0.473
20030510	0.452
20030511	0.277
20030512	0.065
20030513	0.705
20030514	0.032
20030515	0.073
20030516	3.266
20030517	1.597
20030518	1.200
20030519	0.096
20030520	1.097
20030521	0.243
20030522	0.323
20030523	1.047
20030524	3.069
20030525	0.666
20030526	1.444
20030527	0.939
20030528	0.806
20030529	0.444
20030530	0.851
20030531	0.220
20030601	0.751
20030602	1.496
20030603	4.001
20030604	4.263
20030605	2.689
20030606	5.779
20030607	3.654
20030608	1.801
20030609	2.407
20030610	1.148
20030611	1.349
20030612	0.916
20030613	1.157
20030614	5.069
20030615	2.874
20030616	1.764
20030617	1.213
20030618	0.935
20030619	1.052
20030620	5.795
20030621	5.740
20030622	3.339
20030623	2.566
20030624	1.407
20030625	1.618
20030626	1.488
20030627	0.836
20030628	1.154
20030629	1.086
20030630	5.054
20030701	2.273
20030702	1.885
20030703	1.814
20030704	1.663
20030705	1.647
20030706	1.485
20030707	1.339
20030708	2.052
20030709	2.420
20030710	2.788
20030711	2.962
20030712	5.485
20030713	4.043
20030714	4.030
20030715	3.811
20030716	3.839
20030717	3.505
20030718	4.164
20030719	4.821
20030720	4.847
20030721	3.879
20030722	4.116
20030723	4.373
20030724	5.202
20030725	5.554
20030726	5.448
20030727	5.053
20030728	4.571
20030729	3.903
20030730	3.592
20030731	4.524
20030801	4.581
20030802	4.022
20030803	3.555
20030804	4.257
20030805	3.764
20030806	3.412
20030807	3.357
20030808	2.937
20030809	2.415
20030810	2.506
20030811	2.821
20030812	2.479
20030813	2.362
20030814	1.931
20030815	2.012
20030816	2.363
20030817	2.469
20030818	2.662
20030819	2.675
20030820	2.350
20030821	2.457
20030822	2.331
20030823	2.204
20030824	2.147
20030825	1.816
20030826	1.411
20030827	2.092
20030828	1.549
20030829	2.800
20030830	1.608
20030831	1.634
20030901	3.535
20030902	3.751
20030903	3.156
20030904	3.005
20030905	2.981
20030906	3.023
20030907	2.524
20030908	3.717
20030909	3.788
20030910	3.587
20030911	4.189
20030912	3.547
20030913	2.355
20030914	2.341
20030915	2.180
20030916	2.916
20030917	2.283
20030918	1.742
20030919	1.595
20030920	1.713
20030921	2.510
20030922	2.120
20030923	2.133
20030924	1.941
20030925	1.775
20030926	3.154
20030927	2.174
20030928	1.320
20030929	1.545
20030930	1.054
20031001	0.783
20031002	0.840
20031003	1.083
20031004	0.777
20031005	1.019
20031006	0.976
20031007	1.246
20031008	0.527
20031009	3.002
20031010	1.203
20031011	2.968
20031012	1.918
20031013	2.882
20031014	1.901
20031015	2.401
20031016	2.650
20031017	1.953
20031018	2.248
20031019	2.568
20031020	2.061
20031021	1.973
20031022	1.895
20031023	1.967
20031024	1.479
20031025	0.626
20031026	0.552
20031027	0.483
20031028	0.375
20031029	0.661
20031030	0.451
20031031	0.238
20031101	0.041
20031102	0.068
20031103	0.768
20031104	0.590
20031105	0.214
20031106	0.273
20031107	0.256
20031108	0.121
20031109	0.093
20031110	0.315
20031111	0.610
20031112	0.371
20031113	0.032
20031114	1.078
20031115	1.157
20031116	1.186
20031117	1.068
20031118	1.135
20031119	0.785
20031120	0.914
20031121	0.521
20031122	0.466
20031123	0.518
20031124	0.418
20031125	0.456
20031126	0.398
20031127	1.029
20031128	0.463
20031129	0.589
20031130	0.419
20031201	0.194
20031202	0.210
20031203	0.354
20031204	0.286
20031205	0.275
20031206	0.203
20031207	0.472
20031208	0.153
20031209	1.371
20031210	0.718
20031211	0.307
20031212	0.067
20031213	0.320
20031214	0.314
20031215	0.261
20031216	0.389
20031217	0.272
20031218	0.181
20031219	0.236
20031220	0.239
20031221	0.355
20031222	0.284
20031223	0.803
20031224	0.675
20031225	0.463
20031226	0.508
20031227	0.369
20031228	0.266
20031229	0.183
20031230	0.381
20031231	0.218
20040101	0.286
20040102	0.386
20040103	0.130
20040104	0.154
20040105	0.145
20040106	0.135
20040107	0.012
20040108	0.313
20040109	0.161
20040110	0.133
20040111	0.188
20040112	0.106
20040113	0.133
20040114	0.166
20040115	0.079
20040116	0.252
20040117	0.535
20040118	1.114
20040119	0.545
20040120	0.663
20040121	0.530
20040122	0.545
20040123	0.551
20040124	0.470
20040125	0.593
20040126	0.904
20040127	0.692
20040128	0.991
20040129	0.682
20040130	0.555
20040131	0.546
20040201	0.306
20040202	0.404
20040203	0.202
20040204	0.313
20040205	0.247
20040206	0.516
20040207	0.201
20040208	0.470
20040209	0.371
20040210	0.295
20040211	0.138
20040212	0.032
20040213	0.054
20040214	0.984
20040215	1.214
20040216	0.890
20040217	0.741
20040218	0.782
20040219	0.476
20040220	0.508
20040221	0.305
20040222	0.236
20040223	0.368
20040224	0.149
20040225	0.945
20040226	1.269
20040227	0.982
20040228	0.444
20040229	2.953
20040301	1.038
20040302	0.397
20040303	0.929
20040304	0.298
20040305	0.430
20040306	2.595
20040307	1.525
20040308	1.081
20040309	0.869
20040310	0.919
20040311	0.695
20040312	0.131
20040313	1.462
20040314	0.491
20040315	1.488
20040316	1.196
20040317	0.848
20040318	0.593
20040319	0.716
20040320	0.791
20040321	0.559
20040322	0.314
20040323	0.355
20040324	0.540
20040325	0.456
20040326	0.089
20040327	0.872
20040328	0.522
20040329	0.488
20040330	0.480
20040331	0.478
20040401	0.494
20040402	0.955
20040403	2.286
20040404	0.979
20040405	0.845
20040406	0.057
20040407	2.354
20040408	1.619
20040409	3.158
20040410	1.397
20040411	0.537
20040412	2.059
20040413	2.443
20040414	1.859
20040415	1.543
20040416	1.272
20040417	0.340
20040418	1.055
20040419	0.945
20040420	1.167
20040421	0.849
20040422	0.541
20040423	0.741
20040424	1.285
20040425	1.178
20040426	2.485
20040427	1.482
20040428	0.939
20040429	0.663
20040430	1.076
20040501	0.681
20040502	0.768
20040503	0.827
20040504	0.768
20040505	0.828
20040506	0.772
20040507	0.577
20040508	0.567
20040509	0.593
20040510	0.888
20040511	3.714
20040512	1.952
20040513	1.143
20040514	0.905
20040515	0.556
20040516	0.639
20040517	1.697
20040518	0.738
20040519	0.436
20040520	0.410
20040521	0.417
20040522	1.088
20040523	0.704
20040524	6.936
20040525	2.678
20040526	3.018
20040527	1.282
20040528	1.222
20040529	1.272
20040530	0.966
20040531	0.822
20040601	0.798
20040602	1.501
20040603	0.635
20040604	1.162
20040605	4.790
20040606	4.127
20040607	2.143
20040608	1.232
20040609	1.016
20040610	1.629
20040611	1.315
20040612	1.039
20040613	1.052
20040614	1.303
20040615	1.511
20040616	1.838
20040617	2.174
20040618	2.281
20040619	2.188
20040620	1.791
20040621	1.906
20040622	3.821
20040623	2.342
20040624	2.678
20040625	4.046
20040626	2.297
20040627	3.957
20040628	2.644
20040629	1.783
20040630	5.703
20040701	4.145
20040702	3.154
20040703	3.033
20040704	3.109
20040705	2.347
20040706	1.942
20040707	2.777
20040708	3.258
20040709	3.289
20040710	5.174
20040711	4.252
20040712	4.317
20040713	4.088
20040714	4.597
20040715	4.907
20040716	4.484
20040717	3.573
20040718	7.046
20040719	6.523
20040720	4.472
20040721	6.854
20040722	4.542
20040723	4.539
20040724	1.255
20040725	1.874
20040726	3.362
20040727	3.986
20040728	4.677
20040729	4.808
20040730	5.166
20040731	5.503
20040801	5.199
20040802	4.348
20040803	4.459
20040804	3.757
20040805	2.172
20040806	1.443
20040807	4.565
20040808	3.495
20040809	3.193
20040810	4.328
20040811	3.997
20040812	2.304
20040813	1.888
20040814	3.738
20040815	4.198
20040816	3.766
20040817	3.804
20040818	3.509
20040819	2.992
20040820	2.282
20040821	2.621
20040822	3.559
20040823	3.357
20040824	2.413
20040825	2.718
20040826	2.463
20040827	1.806
20040828	1.707
20040829	1.188
20040830	1.363
20040831	3.223
20040901	2.343
20040902	2.031
20040903	1.579
20040904	1.381
20040905	3.752
20040906	2.086
20040907	1.733
20040908	1.517
20040909	1.442
20040910	1.378
20040911	1.188
20040912	1.151
20040913	1.147
20040914	0.964
20040915	0.816
20040916	0.740
20040917	0.965
20040918	0.800
20040919	0.374
20040920	4.062
20040921	2.169
20040922	1.026
20040923	2.795
20040924	1.979
20040925	1.024
20040926	0.400
20040927	1.109
20040928	1.793
20040929	2.843
20040930	2.346
20041001	2.041
20041002	1.655
20041003	1.021
20041004	1.159
20041005	0.456
20041006	2.485
20041007	2.618
20041008	3.083
20041009	1.647
20041010	1.955
20041011	1.660
20041012	1.911
20041013	0.917
20041014	2.111
20041015	1.866
20041016	1.363
20041017	1.067
20041018	1.650
20041019	1.470
20041020	1.584
20041021	1.298
20041022	1.477
20041023	1.140
20041024	1.206
20041025	0.503
20041026	2.018
20041027	0.668
20041028	1.627
20041029	1.895
20041030	1.086
20041031	0.770
20041101	0.277
20041102	0.622
20041103	0.311
20041104	0.848
20041105	1.869
20041106	1.300
20041107	1.580
20041108	0.870
20041109	0.446
20041110	2.049
20041111	2.274
20041112	0.810
20041113	0.122
20041114	0.032
20041115	0.160
20041116	0.334
20041117	0.211
20041118	0.911
20041119	1.026
20041120	0.298
20041121	0.240
20041122	1.089
20041123	0.011
20041124	1.213
20041125	1.243
20041126	1.509
20041127	1.268
20041128	0.799
20041129	0.695
20041130	0.917
20041201	1.213
20041202	0.793
20041203	0.832
20041204	0.702
20041205	1.618
20041206	0.397
20041207	1.409
20041208	1.527
20041209	1.268
20041210	0.736
20041211	0.546
20041212	0.861
20041213	0.579
20041214	0.460
20041215	0.517
20041216	0.430
20041217	0.399
20041218	0.464
20041219	0.376
20041220	0.559
20041221	0.444
20041222	0.056
20041223	0.021
20041224	0.099
20041225	0.446
20041226	1.238
20041227	1.106
20041228	0.924
20041229	0.290
20041230	0.729
20041231	0.339
20050101	0.458
20050102	0.045
20050103	1.270
20050104	0.672
20050105	1.098
20050106	0.766
20050107	1.341
20050108	1.329
20050109	1.301
20050110	0.819
20050111	0.661
20050112	0.721
20050113	1.289
20050114	0.973
20050115	0.357
20050116	0.385
20050117	0.320
20050118	0.515
20050119	0.555
20050120	0.592
20050121	0.426
20050122	0.563
20050123	0.519
20050124	0.336
20050125	0.498
20050126	0.281
20050127	0.137
20050128	0.744
20050129	0.964
20050130	0.232
20050131	0.640
20050201	0.393
20050202	1.398
20050203	0.798
20050204	0.669
20050205	0.337
20050206	1.641
20050207	1.086
20050208	1.082
20050209	0.778
20050210	0.584
20050211	0.180
20050212	0.366
20050213	1.362
20050214	0.701
20050215	0.620
20050216	0.531
20050217	0.409
20050218	0.135
20050219	1.791
20050220	1.094
20050221	0.847
20050222	0.572
20050223	0.561
20050224	1.127
20050225	0.507
20050226	0.421
20050227	0.603
20050228	0.640
20050301	0.446
20050302	0.547
20050303	0.506
20050304	1.935
20050305	0.786
20050306	0.458
20050307	1.202
20050308	0.690
20050309	0.596
20050310	0.867
20050311	0.438
20050312	0.665
20050313	0.369
20050314	0.042
20050315	0.057
20050316	0.416
20050317	1.715
20050318	2.641
20050319	1.868
20050320	1.228
20050321	0.749
20050322	2.472
20050323	1.066
20050324	0.985
20050325	0.612
20050326	0.300
20050327	2.707
20050328	1.666
20050329	1.264
20050330	1.127
20050331	0.462
20050401	2.861
20050402	1.613
20050403	0.989
20050404	1.175
20050405	1.374
20050406	1.471
20050407	1.041
20050408	0.977
20050409	1.321
20050410	0.940
20050411	1.041
20050412	1.110
20050413	1.074
20050414	0.993
20050415	1.679
20050416	2.433
20050417	1.624
20050418	3.493
20050419	2.865
20050420	2.525
20050421	1.816
20050422	1.418
20050423	1.123
20050424	0.868
20050425	1.994
20050426	1.281
20050427	0.847
20050428	0.523
20050429	0.646
20050430	0.559
20050501	0.326
20050502	0.428
20050503	0.377
20050504	2.132
20050505	2.338
20050506	1.653
20050507	1.475
20050508	1.208
20050509	1.050
20050510	0.920
20050511	0.608
20050512	0.482
20050513	0.798
20050514	0.815
20050515	1.469
20050516	0.640
20050517	0.879
20050518	0.742
20050519	0.750
20050520	0.709
20050521	0.798
20050522	0.681
20050523	1.078
20050524	0.312
20050525	0.507
20050526	0.430
20050527	0.302
20050528	2.147
20050529	1.110
20050530	2.071
20050531	2.444
20050601	3.112
20050602	1.593
20050603	3.189
20050604	3.497
20050605	1.560
20050606	2.218
20050607	1.836
20050608	1.029
20050609	0.519
20050610	0.984
20050611	2.132
20050612	6.752
20050613	4.353
20050614	3.615
20050615	4.016
20050616	3.096
20050617	1.471
20050618	1.447
20050619	1.325
20050620	1.252
20050621	1.268
20050622	1.163
20050623	1.362
20050624	7.363
20050625	3.445
20050626	1.850
20050627	1.597
20050628	6.914
20050629	2.776
20050630	1.459
20050701	1.054
20050702	0.989
20050703	1.297
20050704	0.584
20050705	0.949
20050706	6.640
20050707	6.831
20050708	5.459
20050709	5.240
20050710	2.695
20050711	3.092
20050712	1.864
20050713	1.698
20050714	1.864
20050715	1.970
20050716	2.087
20050717	2.687
20050718	5.848
20050719	1.572
20050720	1.779
20050721	1.759
20050722	2.067
20050723	2.164
20050724	2.622
20050725	2.395
20050726	1.213
20050727	3.489
20050728	2.233
20050729	0.778
20050730	0.632
20050731	0.608
20050801	0.498
20050802	0.981
20050803	0.446
20050804	0.024
20050805	0.280
20050806	0.300
20050807	4.434
20050808	1.905
20050809	1.272
20050810	1.127
20050811	0.924
20050812	1.465
20050813	1.728
20050814	0.438
20050815	0.956
20050816	3.866
20050817	2.744
20050818	1.734
20050819	1.867
20050820	2.539
20050821	3.214
20050822	1.944
20050823	2.759
20050824	1.790
20050825	1.398
20050826	1.396
20050827	4.660
20050828	2.228
20050829	1.394
20050830	1.135
20050831	1.135
20050901	0.984
20050902	3.210
20050903	1.378
20050904	0.940
20050905	0.685
20050906	0.916
20050907	0.859
20050908	0.766
20050909	0.725
20050910	0.657
20050911	0.417
20050912	0.689
20050913	1.374
20050914	0.470
20050915	0.746
20050916	0.507
20050917	0.365
20050918	0.709
20050919	0.786
20050920	0.462
20050921	0.596
20050922	0.588
20050923	0.393
20050924	0.365
20050925	0.669
20050926	0.373
20050927	0.272
20050928	0.304
20050929	0.898
20050930	0.531
20051001	0.575
20051002	0.730
20051003	1.023
20051004	0.788
20051005	0.924
20051006	0.614
20051007	1.310
20051008	0.468
20051009	0.247
20051010	1.800
20051011	1.131
20051012	0.332
20051013	0.548
20051014	0.772
20051015	0.325
20051016	0.948
20051017	0.559
20051018	0.501
20051019	4.404
20051020	1.520
20051021	1.090
20051022	0.758
20051023	0.742
20051024	0.482
20051025	0.531
20051026	1.057
20051027	2.261
20051028	0.693
20051029	1.002
20051030	1.129
20051031	1.231
20051101	0.567
20051102	0.523
20051103	0.871
20051104	0.426
20051105	0.430
20051106	0.639
20051107	0.296
20051108	0.417
20051109	0.365
20051110	0.384
20051111	0.828
20051112	0.541
20051113	0.513
20051114	0.970
20051115	0.750
20051116	0.154
20051117	0.211
20051118	0.225
20051119	0.255
20051120	0.259
20051121	0.332
20051122	0.766
20051123	0.223
20051124	0.008
20051125	0.242
20051126	0.791
20051127	0.747
20051128	1.876
20051129	1.714
20051130	2.237
20051201	0.725
20051202	1.240
20051203	0.535
20051204	0.332
20051205	0.507
20051206	0.272
20051207	0.255
20051208	0.178
20051209	0.377
20051210	0.288
20051211	0.231
20051212	0.073
20051213	0.361
20051214	0.430
20051215	0.211
20051216	0.220
20051217	0.486
20051218	0.815
20051219	0.209
20051220	1.114
20051221	0.924
20051222	0.725
20051223	0.604
20051224	0.624
20051225	0.203
20051226	0.571
20051227	0.470
20051228	0.073
20051229	0.276
20051230	0.138
20051231	0.186
20060101	0.434
20060102	0.320
20060103	0.442
20060104	0.215
20060105	0.215
20060106	0.263
20060107	0.280
20060108	0.413
20060109	0.290
20060110	0.802
20060111	0.652
20060112	0.442
20060113	0.081
20060114	0.255
20060115	0.450
20060116	0.279
20060117	1.244
20060118	0.669
20060119	0.442
20060120	0.008
20060121	0.101
20060122	0.235
20060123	0.182
20060124	0.276
20060125	0.045
20060126	0.162
20060127	0.151
20060128	0.798
20060129	0.304
20060130	0.048
20060131	0.100
20060201	0.515
20060202	0.105
20060203	0.844
20060204	0.221
20060205	0.486
20060206	0.401
20060207	0.235
20060208	0.057
20060209	0.201
20060210	0.904
20060211	0.691
20060212	0.251
20060213	0.724
20060214	0.182
20060215	1.726
20060216	0.734
20060217	0.263
20060218	0.097
20060219	0.227
20060220	0.421
20060221	0.843
20060222	0.671
20060223	0.390
20060224	1.419
20060225	1.059
20060226	0.669
20060227	1.155
20060228	0.211
20060301	0.462
20060302	0.847
20060303	0.503
20060304	0.511
20060305	1.848
20060306	0.596
20060307	0.472
20060308	0.559
20060309	0.061
20060310	0.709
20060311	0.409
20060312	1.080
20060313	0.397
20060314	0.041
20060315	0.097
20060316	0.405
20060317	0.787
20060318	0.853
20060319	1.180
20060320	3.915
20060321	2.508
20060322	0.214
20060323	1.232
20060324	2.233
20060325	1.670
20060326	2.014
20060327	0.729
20060328	0.304
20060329	0.956
20060330	1.402
20060331	0.644
20060401	1.051
20060402	0.887
20060403	0.373
20060404	0.509
20060405	0.831
20060406	1.804
20060407	0.118
20060408	0.470
20060409	1.189
20060410	0.304
20060411	1.232
20060412	0.361
20060413	0.977
20060414	1.323
20060415	1.595
20060416	0.417
20060417	0.450
20060418	0.771
20060419	0.195
20060420	0.691
20060421	0.587
20060422	1.221
20060423	0.896
20060424	0.504
20060425	0.887
20060426	0.053
20060427	0.323
20060428	1.347
20060429	3.116
20060430	1.520
20060501	0.454
20060502	0.292
20060503	0.028
20060504	0.261
20060505	0.786
20060506	3.184
20060507	2.128
20060508	2.225
20060509	1.161
20060510	0.970
20060511	0.874
20060512	0.713
20060513	0.446
20060514	0.458
20060515	0.510
20060516	0.405
20060517	0.259
20060518	0.385
20060519	0.393
20060520	0.296
20060521	0.649
20060522	0.182
20060523	0.802
20060524	4.527
20060525	3.303
20060526	1.763
20060527	1.479
20060528	1.779
20060529	0.729
20060530	0.649
20060531	2.196
20060601	4.126
20060602	1.289
20060603	1.135
20060604	1.345
20060605	1.317
20060606	0.567
20060607	0.567
20060608	0.693
20060609	0.231
20060610	1.422
20060611	0.580
20060612	1.294
20060613	0.324
20060614	0.272
20060615	1.909
20060616	0.324
20060617	0.657
20060618	0.170
20060619	0.255
20060620	0.276
20060621	0.571
20060622	0.788
20060623	3.526
20060624	1.845
20060625	4.229
20060626	4.609
20060627	3.321
20060628	2.192
20060629	5.803
20060630	2.881
20060701	1.925
20060702	1.670
20060703	1.580
20060704	0.794
20060705	1.748
20060706	2.134
20060707	5.633
20060708	3.084
20060709	2.749
20060710	5.017
20060711	2.650
20060712	2.761
20060713	2.468
20060714	1.074
20060715	2.047
20060716	1.905
20060717	1.844
20060718	1.852
20060719	7.035
20060720	4.032
20060721	2.407
20060722	2.314
20060723	2.346
20060724	2.468
20060725	3.201
20060726	3.169
20060727	1.147
20060728	2.667
20060729	3.351
20060730	2.958
20060731	3.307
20060801	3.068
20060802	2.106
20060803	2.805
20060804	5.110
20060805	4.510
20060806	4.806
20060807	4.206
20060808	4.539
20060809	4.989
20060810	3.984
20060811	3.915
20060812	4.596
20060813	4.397
20060814	1.572
20060815	1.215
20060816	4.758
20060817	5.801
20060818	5.009
20060819	4.292
20060820	3.019
20060821	3.390
20060822	2.920
20060823	6.581
20060824	7.209
20060825	6.411
20060826	2.873
20060827	0.567
20060828	5.977
20060829	4.697
20060830	5.280
20060831	5.264
20060901	4.001
20060902	1.432
20060903	0.397
20060904	3.120
20060905	3.161
20060906	4.211
20060907	4.202
20060908	2.861
20060909	2.683
20060910	3.189
20060911	2.192
20060912	1.929
20060913	3.295
20060914	2.688
20060915	3.607
20060916	4.194
20060917	3.120
20060918	2.821
20060919	3.189
20060920	2.902
20060921	4.108
20060922	3.412
20060923	2.573
20060924	2.290
20060925	2.622
20060926	3.266
20060927	3.323
20060928	2.237
20060929	2.861
20060930	3.639
20061001	3.530
20061002	3.951
20061003	4.064
20061004	2.362
20061005	2.290
20061006	2.638
20061007	2.626
20061008	1.309
20061009	1.486
20061010	1.692
20061011	2.590
20061012	1.471
20061013	2.403
20061014	0.977
20061015	0.672
20061016	2.987
20061017	3.291
20061018	1.064
20061019	2.019
20061020	2.318
20061021	1.483
20061022	1.329
20061023	1.386
20061024	1.086
20061025	1.702
20061026	1.183
20061027	1.548
20061028	1.370
20061029	1.528
20061030	1.568
20061031	0.624
20061101	0.478
20061102	0.397
20061103	1.597
20061104	0.365
20061105	0.195
20061106	0.430
20061107	0.413
20061108	0.426
20061109	0.377
20061110	0.397
20061111	0.207
20061112	0.300
20061113	0.272
20061114	0.118
20061115	0.685
20061116	0.235
20061117	0.296
20061118	0.122
20061119	0.320
20061120	0.377
20061121	0.385
20061122	0.385
20061123	0.280
20061124	0.332
20061125	0.113
20061126	0.118
20061127	0.072
20061128	0.989
20061129	1.307
20061130	1.743
20061201	0.357
20061202	0.628
20061203	0.397
20061204	0.519
20061205	1.139
20061206	1.013
20061207	0.531
20061208	0.369
20061209	0.296
20061210	0.596
20061211	0.470
20061212	0.434
20061213	0.369
20061214	0.819
20061215	1.046
20061216	1.058
20061217	0.247
20061218	0.216
20061219	0.011
20061220	0.053
20061221	0.158
20061222	0.089
20061223	0.952
20061224	1.305
20061225	2.055
20061226	1.224
20061227	1.666
20061228	0.413
20061229	0.346
20061230	0.475
20061231	0.122
20070101	0.511
20070102	0.798
20070103	1.613
20070104	2.196
20070105	1.580
20070106	0.879
20070107	1.066
20070108	0.681
20070109	0.608
20070110	0.916
20070111	0.940
20070112	0.275
20070113	0.181
20070114	0.293
20070115	0.689
20070116	0.575
20070117	0.682
20070118	0.636
20070119	0.101
20070120	5.135
20070121	0.263
20070122	0.255
20070123	0.496
20070124	0.691
20070125	0.944
20070126	1.540
20070127	1.747
20070128	0.746
20070129	0.883
20070130	0.450
20070131	0.619
20070201	0.493
20070202	0.797
20070203	1.244
20070204	0.616
20070205	0.750
20070206	0.725
20070207	0.142
20070208	0.166
20070209	0.130
20070210	0.274
20070211	0.612
20070212	0.162
20070213	0.786
20070214	0.032
20070215	0.016
20070216	1.860
20070217	1.349
20070218	0.827
20070219	0.847
20070220	0.543
20070221	0.543
20070222	0.466
20070223	0.512
20070224	2.280
20070225	0.851
20070226	0.563
20070227	0.466
20070228	0.563
20070301	0.251
20070302	0.296
20070303	0.442
20070304	0.316
20070305	0.292
20070306	0.385
20070307	0.964
20070308	0.365
20070309	0.450
20070310	0.310
20070311	0.577
20070312	0.868
20070313	1.163
20070314	0.802
20070315	0.211
20070316	0.288
20070317	0.913
20070318	0.733
20070319	0.402
20070320	0.415
20070321	0.943
20070322	0.789
20070323	2.337
20070324	4.838
20070325	2.257
20070326	1.460
20070327	1.852
20070328	1.572
20070329	2.359
20070330	0.413
20070331	3.291
20070401	1.836
20070402	1.690
20070403	1.332
20070404	0.928
20070405	0.604
20070406	0.131
20070407	0.400
20070408	0.615
20070409	1.321
20070410	1.301
20070411	1.041
20070412	0.668
20070413	0.935
20070414	4.035
20070415	2.650
20070416	1.447
20070417	1.597
20070418	1.074
20070419	1.131
20070420	0.770
20070421	1.069
20070422	5.465
20070423	1.293
20070424	1.706
20070425	1.362
20070426	0.669
20070427	0.847
20070428	0.770
20070429	0.758
20070430	0.609
20070501	0.584
20070502	0.310
20070503	3.576
20070504	1.961
20070505	1.325
20070506	1.013
20070507	2.047
20070508	0.891
20070509	2.375
20070510	2.326
20070511	1.297
20070512	0.932
20070513	0.835
20070514	0.847
20070515	4.914
20070516	1.836
20070517	1.406
20070518	0.503
20070519	1.253
20070520	1.130
20070521	1.717
20070522	1.499
20070523	0.494
20070524	1.469
20070525	0.284
20070526	3.890
20070527	1.666
20070528	1.545
20070529	2.833
20070530	1.143
20070531	0.494
20070601	0.678
20070602	3.591
20070603	3.595
20070604	4.211
20070605	2.180
20070606	1.617
20070607	1.455
20070608	1.131
20070609	0.580
20070610	3.747
20070611	1.370
20070612	0.977
20070613	0.867
20070614	0.916
20070615	0.604
20070616	0.677
20070617	0.608
20070618	1.256
20070619	2.639
20070620	4.311
20070621	1.552
20070622	6.028
20070623	3.992
20070624	2.152
20070625	1.572
20070626	1.907
20070627	5.083
20070628	2.267
20070629	2.294
20070630	2.196
20070701	2.452
20070702	2.136
20070703	2.626
20070704	2.826
20070705	5.319
20070706	4.385
20070707	5.001
20070708	5.361
20070709	5.126
20070710	5.430
20070711	2.828
20070712	3.823
20070713	4.352
20070714	6.079
20070715	6.464
20070716	6.285
20070717	6.516
20070718	6.525
20070719	5.945
20070720	5.386
20070721	4.677
20070722	4.879
20070723	5.823
20070724	6.448
20070725	6.038
20070726	5.864
20070727	5.592
20070728	5.224
20070729	3.894
20070730	4.972
20070731	4.393
20070801	4.540
20070802	1.114
20070803	3.392
20070804	6.662
20070805	7.161
20070806	7.161
20070807	6.593
20070808	6.808
20070809	4.875
20070810	7.169
20070811	7.598
20070812	6.756
20070813	6.520
20070814	6.439
20070815	5.937
20070816	5.382
20070817	3.919
20070818	3.663
20070819	5.183
20070820	5.868
20070821	4.883
20070822	4.220
20070823	4.499
20070824	4.294
20070825	3.967
20070826	4.192
20070827	3.881
20070828	3.700
20070829	3.391
20070830	1.035
20070831	3.578
20070901	3.444
20070902	3.268
20070903	2.822
20070904	2.456
20070905	2.457
20070906	2.167
20070907	1.729
20070908	2.830
20070909	1.565
20070910	1.851
20070911	2.720
20070912	2.420
20070913	2.800
20070914	2.429
20070915	2.207
20070916	2.906
20070917	1.723
20070918	3.381
20070919	2.220
20070920	2.038
20070921	2.219
20070922	2.214
20070923	2.198
20070924	3.465
20070925	2.617
20070926	1.775
20070927	1.848
20070928	2.029
20070929	1.637
20070930	2.493
20071001	1.632
20071002	2.786
20071003	2.573
20071004	2.386
20071005	1.924
20071006	1.934
20071007	1.589
20071008	1.378
20071009	1.491
20071010	1.436
20071011	2.252
20071012	2.367
20071013	2.255
20071014	1.309
20071015	1.367
20071016	1.039
20071017	1.337
20071018	1.010
20071019	0.737
20071020	1.060
20071021	0.469
20071022	0.485
20071023	0.445
20071024	0.351
20071025	1.979
20071026	2.672
20071027	1.528
20071028	1.567
20071029	1.219
20071030	1.315
20071031	0.829
20071101	0.612
20071102	0.678
20071103	0.323
20071104	0.616
20071105	0.716
20071106	0.373
20071107	0.449
20071108	0.521
20071109	0.336
20071110	0.336
20071111	0.551
20071112	0.283
20071113	0.452
20071114	0.589
20071115	0.303
20071116	0.408
20071117	0.259
20071118	0.310
20071119	0.424
20071120	0.582
20071121	0.201
20071122	0.112
20071123	0.272
20071124	0.892
20071125	0.451
20071126	0.460
20071127	0.306
20071128	0.405
20071129	0.215
20071130	0.253
20071201	1.145
20071202	0.715
20071203	0.465
20071204	0.328
20071205	0.211
20071206	0.262
20071207	0.301
20071208	0.158
20071209	0.418
20071210	0.063
20071211	0.622
20071212	0.485
20071213	0.771
20071214	0.342
20071215	1.229
20071216	0.612
20071217	1.204
20071218	1.017
20071219	1.190
20071220	0.683
20071221	0.763
20071222	1.443
20071223	0.630
20071224	0.965
20071225	1.118
20071226	0.619
20071227	0.172
20071228	0.643
20071229	0.763
20071230	0.885
20071231	0.836
20080101	0.443
20080102	0.532
20080103	0.497
20080104	0.557
20080105	0.548
20080106	0.457
20080107	0.053
20080108	0.595
20080109	0.523
20080110	0.368
20080111	0.398
20080112	0.334
20080113	0.284
20080114	0.276
20080115	0.252
20080116	0.140
20080117	0.386
20080118	0.269
20080119	0.159
20080120	0.224
20080121	0.388
20080122	0.069
20080123	0.261
20080124	0.277
20080125	0.493
20080126	0.368
20080127	0.160
20080128	0.171
20080129	0.489
20080130	0.384
20080131	0.349
20080201	1.253
20080202	0.438
20080203	0.379
20080204	0.371
20080205	0.050
20080206	0.546
20080207	0.324
20080208	0.466
20080209	0.323
20080210	0.295
20080211	0.323
20080212	0.203
20080213	0.173
20080214	0.314
20080215	0.128
20080216	0.027
20080217	0.874
20080218	1.658
20080219	1.227
20080220	0.118
20080221	0.481
20080222	1.379
20080223	1.238
20080224	0.829
20080225	0.784
20080226	0.550
20080227	0.495
20080228	0.633
20080229	0.508
20080301	0.443
20080302	3.402
20080303	2.461
20080304	1.399
20080305	1.081
20080306	0.600
20080307	0.925
20080308	0.684
20080309	0.577
20080310	0.505
20080311	1.118
20080312	0.595
20080313	0.548
20080314	2.003
20080315	0.442
20080316	0.038
20080317	0.277
20080318	0.686
20080319	0.663
20080320	0.628
20080321	0.382
20080322	0.246
20080323	0.135
20080324	0.571
20080325	0.617
20080326	0.306
20080327	0.145
20080328	0.455
20080329	0.502
20080330	0.430
20080331	0.489
20080401	0.219
20080402	0.175
20080403	0.323
20080404	0.426
20080405	0.446
20080406	0.314
20080407	0.036
20080408	0.017
20080409	0.059
20080410	5.635
20080411	1.373
20080412	2.171
20080413	1.519
20080414	1.291
20080415	0.853
20080416	0.707
20080417	0.306
20080418	5.382
20080419	3.599
20080420	2.306
20080421	1.443
20080422	0.819
20080423	0.365
20080424	1.341
20080425	0.567
20080426	0.709
20080427	0.940
20080428	0.604
20080429	0.705
20080430	0.693
20080501	2.835
20080502	3.574
20080503	0.762
20080504	1.237
20080505	0.136
20080506	0.077
20080507	0.906
20080508	4.263
20080509	1.281
20080510	2.047
20080511	1.317
20080512	1.208
20080513	0.620
20080514	0.756
20080515	2.500
20080516	2.063
20080517	0.956
20080518	1.058
20080519	1.175
20080520	0.596
20080521	1.002
20080522	1.589
20080523	0.669
20080524	0.612
20080525	1.519
20080526	3.064
20080527	0.652
20080528	0.174
20080529	3.095
20080530	5.783
20080531	2.326
20080601	1.341
20080602	1.544
20080603	1.791
20080604	0.373
20080605	1.118
20080606	0.768
20080607	9.912
20080608	5.398
20080609	4.737
20080610	2.079
20080611	2.930
20080612	1.301
20080613	1.302
20080614	0.604
20080615	2.201
20080616	0.770
20080617	1.328
20080618	4.637
20080619	4.261
20080620	3.360
20080621	6.371
20080622	4.192
20080623	3.003
20080624	2.397
20080625	5.544
20080626	2.885
20080627	2.310
20080628	2.179
20080629	5.487
20080630	2.735
20080701	2.298
20080702	2.452
20080703	3.795
20080704	3.635
20080705	3.084
20080706	2.780
20080707	2.423
20080708	1.390
20080709	3.616
20080710	4.208
20080711	5.580
20080712	3.752
20080713	2.053
20080714	3.211
20080715	5.118
20080716	4.247
20080717	4.705
20080718	3.889
20080719	3.842
20080720	4.142
20080721	3.971
20080722	4.154
20080723	3.801
20080724	3.547
20080725	3.231
20080726	3.223
20080727	3.086
20080728	5.387
20080729	5.554
20080730	4.381
20080731	4.299
20080801	3.717
20080802	3.666
20080803	3.511
20080804	3.568
20080805	3.069
20080806	2.474
20080807	2.150
20080808	1.822
20080809	2.511
20080810	1.363
20080811	1.910
20080812	2.826
20080813	5.477
20080814	5.191
20080815	4.631
20080816	3.153
20080817	1.534
20080818	4.496
20080819	2.384
20080820	3.370
20080821	6.147
20080822	6.553
20080823	5.037
20080824	5.301
20080825	4.677
20080826	6.616
20080827	6.357
20080828	4.900
20080829	2.512
20080830	4.035
20080831	5.971
20080901	5.046
20080902	3.565
20080903	3.166
20080904	3.325
20080905	3.954
20080906	3.932
20080907	3.466
20080908	1.855
20080909	2.022
20080910	3.001
20080911	1.183
20080912	2.656
20080913	3.827
20080914	3.334
20080915	3.209
20080916	3.457
20080917	3.434
20080918	3.266
20080919	2.950
20080920	2.995
20080921	2.936
20080922	2.911
20080923	2.687
20080924	2.561
20080925	2.602
20080926	2.618
20080927	2.699
20080928	2.453
20080929	2.092
20080930	2.094
20081001	2.074
20081002	2.353
20081003	3.261
20081004	2.502
20081005	1.347
20081006	1.978
20081007	2.020
20081008	1.918
20081009	1.797
20081010	1.977
20081011	0.114
20081012	0.540
20081013	1.709
20081014	0.300
20081015	2.942
20081016	1.520
20081017	2.433
20081018	2.464
20081019	2.107
20081020	0.887
20081021	2.360
20081022	2.966
20081023	1.649
20081024	1.200
20081025	1.175
20081026	1.208
20081027	0.819
20081028	0.734
20081029	0.721
20081030	0.819
20081031	0.669
20081101	0.628
20081102	0.669
20081103	0.397
20081104	0.897
20081105	0.765
20081106	0.343
20081107	0.331
20081108	0.426
20081109	0.323
20081110	1.061
20081111	0.328
20081112	1.009
20081113	0.490
20081114	0.543
20081115	0.328
20081116	0.373
20081117	0.296
20081118	0.190
20081119	0.413
20081120	0.276
20081121	0.061
20081122	0.401
20081123	0.243
20081124	0.892
20081125	0.377
20081126	0.308
20081127	0.418
20081128	0.280
20081129	0.819
20081130	0.539
20081201	0.361
20081202	0.336
20081203	0.336
20081204	0.247
20081205	0.227
20081206	0.227
20081207	0.138
20081208	0.393
20081209	0.140
20081210	0.892
20081211	0.547
20081212	0.231
20081213	0.438
20081214	0.369
20081215	0.300
20081216	0.166
20081217	0.166
20081218	0.186
20081219	0.203
20081220	0.409
20081221	0.020
20081222	0.063
20081223	0.170
20081224	0.438
20081225	0.069
20081226	0.272
20081227	0.016
20081228	0.328
20081229	0.447
20081230	0.539
20081231	0.303
20090101	0.552
20090102	0.239
20090103	0.103
20090104	0.436
20090105	0.472
20090106	0.292
20090107	0.128
20090108	0.054
20090109	0.008
20090110	0.482
20090111	0.222
20090112	0.099
20090113	0.210
20090114	0.086
20090115	0.107
20090116	0.774
20090117	0.210
20090118	0.152
20090119	0.321
20090120	0.161
20090121	0.284
20090122	0.951
20090123	1.235
20090124	0.012
20090125	0.296
20090126	0.092
20090127	0.626
20090128	0.473
20090129	0.321
20090130	0.309
20090131	0.618
20090201	0.177
20090202	0.483
20090203	0.115
20090204	0.561
20090205	0.284
20090206	0.181
20090207	0.033
20090208	0.319
20090209	2.713
20090210	1.121
20090211	1.584
20090212	0.387
20090213	0.618
20090214	0.292
20090215	0.021
20090216	0.296
20090217	0.486
20090218	0.874
20090219	0.177
20090220	0.601
20090221	0.074
20090222	0.251
20090223	0.177
20090224	0.375
20090225	0.272
20090226	0.473
20090227	0.635
20090228	0.416
20090301	0.025
20090302	0.247
20090303	0.288
20090304	0.193
20090305	0.226
20090306	0.162
20090307	0.346
20090308	0.383
20090309	0.407
20090310	0.445
20090311	0.255
20090312	3.558
20090313	0.461
20090314	1.556
20090315	1.375
20090316	0.947
20090317	0.601
20090318	0.103
20090319	0.292
20090320	0.287
20090321	0.251
20090322	0.595
20090323	1.482
20090324	0.276
20090325	0.276
20090326	0.350
20090327	0.400
20090328	7.127
20090329	1.902
20090330	1.128
20090331	0.700
20090401	0.409
20090402	4.515
20090403	1.375
20090404	1.223
20090405	1.107
20090406	0.741
20090407	0.688
20090408	0.358
20090409	0.218
20090410	0.613
20090411	1.083
20090412	2.315
20090413	2.367
20090414	1.416
20090415	0.898
20090416	1.205
20090417	2.725
20090418	0.700
20090419	1.301
20090420	0.856
20090421	0.770
20090422	0.762
20090423	0.457
20090424	0.478
20090425	0.128
20090426	1.103
20090427	0.325
20090428	0.093
20090429	0.449
20090430	0.650
20090501	0.494
20090502	0.879
20090503	1.155
20090504	0.753
20090505	1.222
20090506	0.169
20090507	4.578
20090508	6.698
20090509	2.359
20090510	1.116
20090511	1.083
20090512	2.242
20090513	1.737
20090514	5.677
20090515	5.739
20090516	1.491
20090517	4.924
20090518	2.989
20090519	2.338
20090520	1.787
20090521	0.967
20090522	1.219
20090523	0.655
20090524	0.445
20090525	1.161
20090526	2.577
20090527	2.212
20090528	2.042
20090529	1.190
20090530	1.317
20090531	1.112
20090601	1.688
20090602	3.652
20090603	2.627
20090604	2.231
20090605	5.974
20090606	8.028
20090607	5.290
20090608	1.869
20090609	1.272
20090610	2.854
20090611	1.313
20090612	1.235
20090613	0.350
20090614	0.395
20090615	2.085
20090616	1.009
20090617	1.173
20090618	4.826
20090619	4.869
20090620	3.079
20090621	6.777
20090622	3.582
20090623	2.334
20090624	1.692
20090625	1.523
20090626	1.215
20090627	1.476
20090628	1.173
20090629	0.634
20090630	1.140
20090701	1.721
20090702	1.964
20090703	2.053
20090704	0.819
20090705	0.161
20090706	0.241
20090707	0.399
20090708	1.663
20090709	0.741
20090710	0.914
20090711	0.580
20090712	0.552
20090713	0.502
20090714	0.539
20090715	0.321
20090716	3.349
20090717	1.865
20090718	3.292
20090719	2.523
20090720	3.296
20090721	0.975
20090722	3.340
20090723	2.911
20090724	1.737
20090725	1.302
20090726	2.441
20090727	0.107
20090728	2.292
20090729	3.664
20090730	2.763
20090731	1.420
20090801	7.287
20090802	4.813
20090803	2.581
20090804	2.104
20090805	2.017
20090806	1.667
20090807	1.330
20090808	0.844
20090809	1.070
20090810	1.579
20090811	2.551
20090812	3.143
20090813	6.909
20090814	3.272
20090815	5.808
20090816	2.635
20090817	2.706
20090818	5.388
20090819	4.907
20090820	2.400
20090821	1.634
20090822	1.437
20090823	1.544
20090824	1.317
20090825	1.009
20090826	0.671
20090827	0.943
20090828	0.828
20090829	0.618
20090830	0.532
20090831	1.513
20090901	1.206
20090902	0.793
20090903	1.165
20090904	2.814
20090905	0.753
20090906	0.564
20090907	0.395
20090908	0.511
20090909	0.502
20090910	0.478
20090911	0.329
20090912	0.062
20090913	0.173
20090914	0.461
20090915	0.325
20090916	0.362
20090917	0.362
20090918	0.309
20090919	0.994
20090920	1.177
20090921	0.650
20090922	2.579
20090923	1.087
20090924	1.057
20090925	0.955
20090926	0.700
20090927	0.560
20090928	0.539
20090929	0.148
20090930	0.523
20091001	0.531
20091002	0.725
20091003	0.354
20091004	0.418
20091005	1.739
20091006	0.739
20091007	2.062
20091008	1.612
20091009	1.656
20091010	0.259
20091011	0.194
20091012	1.589
20091013	0.939
20091014	1.363
20091015	1.564
20091016	0.354
20091017	0.301
20091018	0.255
20091019	0.605
20091020	0.983
20091021	1.899
20091022	3.504
20091023	2.791
20091024	1.564
20091025	0.569
20091026	1.593
20091027	1.103
20091028	0.562
20091029	0.866
20091030	2.643
20091031	1.676
20091101	1.202
20091102	0.832
20091103	0.646
20091104	1.075
20091105	0.605
20091106	1.017
20091107	0.696
20091108	0.580
20091109	0.263
20091110	0.383
20091111	0.506
20091112	0.441
20091113	0.667
20091114	0.292
20091115	0.000
20091116	1.256
20091117	0.502
20091118	0.486
20091119	0.066
20091120	0.589
20091121	0.362
20091122	0.403
20091123	0.132
20091124	0.626
20091125	0.255
20091126	0.338
20091127	0.284
20091128	0.119
20091129	3.779
20091130	1.124
20091201	0.668
20091202	2.132
20091203	0.671
20091204	0.296
20091205	0.181
20091206	0.428
20091207	0.280
20091208	4.073
20091209	0.712
20091210	0.165
20091211	0.506
20091212	0.354
20091213	0.866
20091214	0.667
20091215	0.226
20091216	0.222
20091217	0.469
20091218	0.214
20091219	0.338
20091220	0.292
20091221	0.301
20091222	0.193
20091223	0.702
20091224	1.259
20091225	0.338
20091226	0.301
20091227	0.292
20091228	0.296
20091229	0.146
20091230	1.231
20091231	0.320
20100101	0.916
20100102	0.284
20100103	0.454
20100104	0.516
20100105	0.308
20100106	1.183
20100107	0.896
20100108	0.203
20100109	0.263
20100110	0.280
20100111	0.304
20100112	0.138
20100113	0.353
20100114	0.195
20100115	0.251
20100116	0.182
20100117	0.251
20100118	0.280
20100119	0.073
20100120	0.215
20100121	0.247
20100122	0.154
20100123	0.408
20100124	0.790
20100125	0.243
20100126	0.049
20100127	0.134
20100128	0.143
20100129	0.171
20100130	0.488
20100131	0.916
20100201	3.293
20100202	4.400
20100203	0.189
20100204	0.215
20100205	3.787
20100206	1.640
20100207	0.505
20100208	2.065
20100209	0.843
20100210	2.022
20100211	2.891
20100212	4.147
20100213	0.827
20100214	2.229
20100215	2.168
20100216	1.698
20100217	2.144
20100218	2.213
20100219	1.005
20100220	0.547
20100221	1.265
20100222	1.861
20100223	1.791
20100224	1.366
20100225	1.013
20100226	1.029
20100227	0.527
20100228	0.328
20100301	0.713
20100302	0.543
20100303	0.097
20100304	0.442
20100305	0.916
20100306	0.494
20100307	0.045
20100308	4.529
20100309	2.667
20100310	0.786
20100311	0.555
20100312	1.309
20100313	0.648
20100314	0.186
20100315	0.240
20100316	3.088
20100317	1.779
20100318	0.859
20100319	0.549
20100320	0.824
20100321	1.917
20100322	1.021
20100323	0.746
20100324	0.652
20100325	3.156
20100326	1.957
20100327	1.050
20100328	1.098
20100329	0.839
20100330	0.879
20100331	1.216
20100401	0.920
20100402	0.709
20100403	0.705
20100404	0.701
20100405	0.648
20100406	0.883
20100407	0.523
20100408	0.511
20100409	0.963
20100410	0.157
20100411	0.086
20100412	0.844
20100413	0.206
20100414	1.084
20100415	0.425
20100416	0.410
20100417	1.639
20100418	2.977
20100419	1.186
20100420	1.782
20100421	1.842
20100422	3.152
20100423	5.653
20100424	2.470
20100425	1.659
20100426	1.583
20100427	0.972
20100428	1.029
20100429	1.441
20100430	2.170
20100501	0.893
20100502	0.642
20100503	0.972
20100504	0.823
20100505	1.015
20100506	0.502
20100507	0.898
20100508	0.152
20100509	0.997
20100510	1.377
20100511	0.568
20100512	0.156
20100513	0.527
20100514	1.220
20100515	1.791
20100516	4.961
20100517	3.663
20100518	2.417
20100519	2.857
20100520	2.166
20100521	1.182
20100522	1.457
20100523	0.741
20100524	1.338
20100525	2.178
20100526	3.350
20100527	1.326
20100528	1.326
20100529	1.210
20100530	0.922
20100531	0.688
20100601	1.610
20100602	1.140
20100603	0.840
20100604	1.639
20100605	1.655
20100606	1.099
20100607	2.021
20100608	0.963
20100609	0.317
20100610	1.357
20100611	0.531
20100612	0.656
20100613	2.935
20100614	0.490
20100615	4.454
20100616	5.076
20100617	2.005
20100618	2.203
20100619	1.326
20100620	1.132
20100621	1.806
20100622	1.312
20100623	3.926
20100624	5.220
20100625	5.245
20100626	2.635
20100627	2.232
20100628	2.211
20100629	1.692
20100630	1.379
20100701	0.947
20100702	1.294
20100703	2.907
20100704	2.252
20100705	1.947
20100706	1.210
20100707	1.307
20100708	2.290
20100709	4.360
20100710	5.850
20100711	3.371
20100712	6.645
20100713	5.385
20100714	4.050
20100715	6.049
20100716	4.792
20100717	5.097
20100718	5.208
20100719	4.714
20100720	4.508
20100721	4.253
20100722	4.512
20100723	4.644
20100724	2.231
20100725	5.607
20100726	4.278
20100727	4.566
20100728	4.483
20100729	4.772
20100730	5.015
20100731	5.270
20100801	5.504
20100802	5.537
20100803	5.599
20100804	4.944
20100805	5.504
20100806	6.300
20100807	7.143
20100808	6.488
20100809	5.558
20100810	4.362
20100811	6.925
20100812	6.443
20100813	5.237
20100814	5.751
20100815	1.527
20100816	4.122
20100817	5.242
20100818	4.755
20100819	5.138
20100820	5.447
20100821	4.875
20100822	4.986
20100823	5.140
20100824	2.706
20100825	5.402
20100826	5.084
20100827	4.932
20100828	4.344
20100829	4.636
20100830	4.071
20100831	3.821
20100901	4.171
20100902	3.976
20100903	3.322
20100904	3.416
20100905	3.939
20100906	3.478
20100907	2.511
20100908	1.657
20100909	2.408
20100910	2.937
20100911	2.047
20100912	1.840
20100913	2.090
20100914	2.340
20100915	1.976
20100916	0.645
20100917	1.206
20100918	0.950
20100919	0.832
20100920	0.511
20100921	0.521
20100922	0.456
20100923	2.908
20100924	1.379
20100925	1.228
20100926	1.055
20100927	0.921
20100928	0.835
20100929	0.693
20100930	0.917
20101001	0.535
20101002	0.496
20101003	0.119
20101004	0.471
20101005	0.470
20101006	0.382
20101007	0.359
20101008	0.319
20101009	0.402
20101010	0.291
20101011	0.403
20101012	0.310
20101013	0.210
20101014	0.241
20101015	0.340
20101016	0.369
20101017	0.238
20101018	0.131
20101019	0.580
20101020	2.089
20101021	0.410
20101022	3.379
20101023	3.785
20101024	1.646
20101025	1.734
20101026	1.326
20101027	1.083
20101028	0.699
20101029	0.478
20101030	1.015
20101031	0.625
20101101	0.355
20101102	0.576
20101103	0.468
20101104	0.450
20101105	0.333
20101106	0.354
20101107	0.697
20101108	0.244
20101109	0.460
20101110	0.373
20101111	0.361
20101112	2.271
20101113	0.462
20101114	1.801
20101115	1.646
20101116	1.841
20101117	1.346
20101118	0.872
20101119	1.155
20101120	1.124
20101121	0.783
20101122	0.899
20101123	0.461
20101124	0.612
20101125	0.812
20101126	0.387
20101127	0.291
20101128	0.529
20101129	0.307
20101130	0.368
20101201	0.364
20101202	0.341
20101203	0.198
20101204	0.389
20101205	0.233
20101206	0.048
20101207	0.281
20101208	0.476
20101209	0.741
20101210	0.243
20101211	0.752
20101212	0.342
20101213	0.198
20101214	0.218
20101215	0.144
20101216	0.263
20101217	0.325
20101218	1.145
20101219	0.556
20101220	1.194
20101221	0.527
20101222	0.198
20101223	0.070
20101224	0.317
20101225	0.145
20101226	0.091
20101227	0.353
20101228	0.079
20101229	0.119
20101230	0.676
20101231	1.704
20110101	1.704